16000 32000 1024 128
83 proc0 89 205  48 142  6 155  64 128  27 123  140 108  8 153  55 126  167 127  26 146  102 127  102 144  147 159  152 137  139 90  192 130  184 92  78 146  71 148  169 115  191 139  24 93  88 92  100 133  13 144  186 140  66 155  122 143  56 156  165 131  149 130  11 158  191 129  118 139  29 93  157 142  189 148  14 118  58 125  127 128  36 125  188 136  193 148  114 112  177 157  36 146  24 98  51 103  139 125  70 97  49 90  187 123  2 145  112 146  112 84  136 134 
87 proc1 88 193  2 116  37 132  176 110  41 132  135 106  67 128  127 131  137 164  119 112  93 158  185 87  102 158  127 138  0 96  165 163  138 110  74 110  4 92  139 128  112 170  41 114  24 143  169 155  143 141  63 147  10 149  135 143  122 109  21 170 
29 proc2 34 187  84 52  111 33  146 52  151 30  163 48  22 42  107 30  15 49  169 32  70 38  185 33  76 48  171 31  37 45  127 39  78 29  175 50  81 41  140 44  172 52  23 40  35 34  2 35  123 40  56 39  7 31  98 37  19 32  182 33  89 40  36 41  43 44  67 37  56 51  66 39  179 30 
64 proc3 74 206  12 90  52 76  112 99  70 74  132 102  148 79  76 114  128 112  180 69  157 110  130 99  101 117  67 92  17 84  50 103  113 111  71 86  91 79  69 82  160 107  78 84  188 88  74 102  172 70  202 113  129 88  37 94  119 66  124 110  61 103  74 90  52 69  174 79  183 94  119 89  73 77  73 66  185 71  186 81  9 88  129 108  142 86  182 98  124 105  26 89 
34 proc4 38 220  112 54  105 49  142 53  140 36  38 57  98 54  24 54  89 55  139 50  72 59  94 38  199 63  33 60  130 59  160 56  219 38  193 59  41 41  24 47  21 48  206 43  84 56  62 60  104 35  82 52  148 53  32 52  198 52  76 52  153 42  63 47  153 42  190 58  167 40  88 43  140 40  88 51  169 44  43 47  63 51  93 56  166 49  52 50  55 42  117 43  76 34  74 55  80 48  68 41  190 42  216 36  94 61  199 47  99 36  28 37  80 45  87 52  179 45  35 48  199 36  155 61  44 63  149 58  205 53  83 59  17 44  218 45  29 43  87 62  152 39  3 58  169 44 
87 proc5 87 169  34 89  114 144  12 102  96 137  101 144  119 156  98 135  74 135  20 172  151 134  167 107  79 110  113 130  112 147  24 171  89 146  102 124  37 157  116 121  86 114  158 160  164 112  121 163  82 109  82 95  158 117  137 172  6 137  101 128 
26 proc6 39 215  28 31  155 30  1 33  176 28  44 38  30 31  172 34  75 30  48 29  53 26  14 38  127 29  87 31  51 27  175 28  128 37  5 31  144 26  152 28  118 36  120 32  7 29  154 27  62 27  163 27  41 29  147 35  2 34  67 31  211 35  59 35  7 29  176 26  47 32  34 34  78 34  91 32  1 34  161 34  1 28  163 26  63 27  195 30  107 28  102 34  66 32  211 33  202 35  2 30  54 27  192 34  191 33  203 38  83 38  34 27  35 33  111 38  70 26  139 31  123 29  50 29  172 33  32 34  203 35  186 34  71 29  168 35  9 34 
86 proc7 103 190  48 122  150 109  174 130  86 142  37 92  153 97  163 112  75 108  40 119  7 107  163 151  90 97  120 95  21 149  133 116  129 89  104 102  55 141  8 115  35 127  25 88  119 145  107 154  33 149  176 107  125 104  186 127  110 125  31 143  62 90  69 128  150 142  182 91  164 135  53 142 
106 proc8 116 191  130 184  36 156  182 124  129 150  81 133  8 158  179 181  67 184  115 128  27 192  46 157  36 146  105 174  35 172  43 145  88 123  98 133  56 138  16 140  169 113  147 183  20 145  141 192  162 154  79 166  162 116  23 130  43 117  116 189  68 177  43 196  187 122  134 133  84 140  90 199  78 164  92 111  57 173  18 161  130 177  49 132  75 109  132 173  32 152  6 133  70 187  110 183 
90 proc9 93 148  122 155  35 95  112 108  72 157  144 138  137 157  50 102  114 103  9 164  119 133  22 169  147 154  86 101  81 120  4 167  85 117  19 145  126 153  117 154  141 127  66 126  2 94  76 121  4 156  76 106  101 111  116 132  110 158  1 154  70 165  6 157  88 104  83 139  113 104  20 116  123 118  141 150  11 90  145 133  111 96  94 171  75 149  120 100  125 171  38 126  83 115  107 176  25 134  89 112  52 148  53 112  4 98  56 123 
86 proc10 91 194  102 153  76 133  10 122  109 99  60 138  48 106  119 102  112 132  122 136  183 138  121 126  97 130  185 113  138 115  72 90  151 153  154 132  38 160  43 92  146 100  3 122  165 131  26 132  45 163  41 163  135 138  11 121  141 112  42 163  114 122  61 153  95 108  105 94  53 151  20 124  120 110  68 152  14 148  108 101  177 165  156 145  51 150  90 151  38 113  17 102  181 98  30 124  33 137  83 87  152 162  27 137  189 166  103 111  124 104  130 158  167 154  159 88  129 100  151 162  56 166  60 143  115 117  187 99  93 162  103 155  113 106  191 96  94 112  179 87  52 97  65 164  77 144  111 151  81 104  113 151  105 109  114 132  3 92  42 109  117 111  16 94  16 88  79 151  176 91  68 110  115 160  187 132  31 139 
73 proc11 78 161  112 115  8 138  95 135  43 94  160 101  42 99  157 108  45 129  154 105  56 97  112 135  41 73  138 84  30 85  67 112  4 78  32 84  104 73  48 95  156 124  11 75  95 88  125 116  127 128  154 100  49 85  1 115  74 125  93 135  101 103  36 124  99 136  36 118  76 80  68 97  11 131  67 80  6 76  4 106  69 139  75 92  22 104  127 104  94 119  120 93  139 140  98 132  144 78  38 138  98 117  49 84  106 128  135 128  27 82  44 79  56 103  133 99  34 91  94 89  37 96  122 94  8 129  133 98  73 122  131 96  37 133  38 80  55 134  13 128  71 96  97 83  15 99  85 127  7 107  137 129  152 129  100 93  157 103  31 127  3 90  159 125  100 117  62 78  129 134  116 121  52 74  6 83  121 108  36 84  29 89  92 140  110 90  100 129  23 94  95 79  51 133  106 137 
36 proc12 49 141  96 46  98 44  7 47  76 53  98 43  85 41  119 54  59 44  33 36  100 51  71 50  79 52  41 57  76 49  34 51  45 55  70 55  126 49  21 51  56 43  30 38  107 55  85 57  37 49  124 52  100 38  119 42  112 46  85 55  137 52  76 44  40 38  117 40  83 37  18 52  48 55  77 44  57 41  113 51  71 51  95 47  15 45  74 43  97 47  112 50  69 40  67 40  52 51  134 52  45 57  71 42  65 52  113 58  28 45  80 46  114 52  62 50  112 58  120 51  18 55  26 38  70 36  55 37  74 44  123 56  137 50  4 48  61 48  115 36  135 55  121 54  93 57  28 44  42 37  138 37  104 43  6 45  122 39  88 47  46 51  35 58  56 41  36 45  21 53  138 41  70 50 
28 proc13 28 209  208 49  49 29  8 33  84 41  55 54  176 50  112 39  17 34  134 54  74 48  67 33  165 29  37 31  162 41  39 52  183 29  35 36  156 38  87 51  6 36  3 36  126 46  123 28  100 42  152 37  170 47  129 30  87 49  38 31  174 46  169 50  166 54  94 45  89 55  195 32  36 46  199 35  26 41  147 29  3 29  14 45  21 36  11 52  152 49  70 36  177 52  58 42  206 32  168 42  45 52  103 51  196 40  6 46  48 33  61 52  34 53  145 54  61 40  85 35  48 35  122 45  157 29  72 49  174 43  161 33  158 50  143 49  69 55  80 43  15 55  10 51  59 48  156 43  24 40 
28 proc14 39 199  49 36  2 32  197 37  144 28  40 32  52 33  171 39  82 40  160 42  71 28  184 31  58 28  11 43  180 33  74 35  19 39  100 34  168 44  186 38  181 36  117 37  183 40  128 34  82 35  124 44  187 37  4 35  32 33  35 44  174 41  110 42  12 41  192 32  87 38  72 31  138 32  81 34  33 42  142 33  77 35  69 39  154 43  89 28  43 34  153 41  13 33  189 36  30 42  182 41  93 37  187 36  175 39  108 39  34 37  101 32  74 31  130 42  198 44  193 41  123 41  38 34  189 31  138 39  187 44  138 43  131 43  91 41  127 39  94 29  6 34  27 38  121 30  110 30  155 33  140 33  29 35  192 31  183 43 
89 proc15 107 133  39 130  53 126  130 149  105 108  79 93  121 114  45 121  124 148  129 92  114 125  3 148  8 113  75 129  40 157  67 118  57 115  22 149  66 100  98 90  120 143  122 131  55 102  97 148  97 155  65 117  8 97  11 143  76 109  25 115  96 100 
50 proc16 55 136  132 53  60 72  81 89  42 57  69 87  7 62  100 63  0 71  130 70  129 86  56 66  133 79  8 57  108 92  77 83  40 52  37 60  27 54  93 89  62 62  131 79  76 50  65 79  65 69  92 94  78 76  126 62  98 73  68 73  97 51  55 84  90 60  110 92  91 62 
33 proc17 42 209  28 50  192 48  197 56  198 43  157 34  163 41  207 50  114 50  80 56  62 56  200 53  12 56  184 56  114 39  55 48  49 55  52 52  1 46  116 40  179 53  4 47  140 46  190 51  177 48  56 41  33 44  132 43  165 48  11 45  38 50  208 44  149 52  92 45  12 50  192 49  194 37  38 34  120 38  92 49  1 55  170 35  37 55  131 52  42 55  193 36  130 51  10 56  164 39  63 38  22 41  80 54  163 44  184 55  58 35  5 53  136 41  15 42  110 45  87 36 
108 proc18 123 203  50 191  27 112  154 180  129 149  165 108  173 196  177 192  19 169  179 137  182 118  25 137  185 108  91 195  192 124  31 152  175 124  107 185  108 121  14 133  18 179  20 170  39 110  20 109  171 171  192 166  126 177  0 146  4 199  126 180  11 194  98 173  166 164  111 135  153 120  69 135  64 183  160 160  9 156  125 155  103 188  91 195  92 111  61 139  109 171  53 123  68 140  66 171  44 144  66 168  62 157  166 142  113 191  192 121  26 153  62 163  155 177  119 196  5 186  103 177  128 143  197 116  198 177  191 166  200 174  199 164  78 126  148 157  45 189  110 153  141 133 
107 proc19 122 175  100 152  6 123  129 142  67 189  174 159  76 143  64 154  72 138  86 136  67 167  115 175  134 187  158 149  128 185  72 158  169 167  131 185  50 176  153 186  171 190  155 159  94 183  92 187  3 125  54 177  86 129  19 132  83 127 
28 proc20 34 226  207 32  16 43  117 39  50 28  188 39  103 40  151 43  157 34  55 46  158 36  150 48  174 40  94 33  6 48  159 28  115 35  191 33  42 28  62 47  222 37  192 28  93 30  87 42  220 48  147 29  210 43  161 49  108 49  68 40  117 33  151 49  134 42  122 37  198 47  36 40  202 38  68 29  104 31  86 47  55 29  10 32  70 45  191 44  185 29  51 40  18 46  67 45  92 44  88 30  141 36  24 43  110 31  178 37  6 34  72 32  37 28  94 48  11 35  44 38  76 47  31 40  63 40  13 29  54 37  211 41 
50 proc21 58 140  137 85  79 63  119 69  57 55  67 65  15 72  64 91  119 84  131 86  63 76  84 50  92 59  36 79  98 91  1 71  123 74  126 82  94 69  35 73  78 54  137 87  95 53  77 82  38 60  80 81  106 60  15 80  3 73  72 54  49 65  65 66  96 85  131 84  40 62  85 83  129 60  84 90  28 71  30 58  101 60  39 76  18 74  138 86  130 76  124 75  28 69 
57 proc22 73 152  38 57  121 87  127 95  82 80  6 59  65 95  88 83  70 70  115 70  49 86  114 84  32 75  66 65  99 86  100 96  88 78  148 94  93 57  151 66  139 61  21 59  85 89  48 89  128 59  140 78  44 59 
36 proc23 52 157  56 40  71 44  60 50  42 48  50 48  56 43  61 55  77 45  32 50  6 44  87 51  60 46  61 47  140 38  119 53  55 44  78 44  108 54  78 43  28 43  32 45  130 39  139 47  139 44  121 42  94 52  138 43  113 38  11 42  8 55  61 39  55 54  97 44  152 43  32 46  21 55  46 48  65 48  109 42  43 38  68 45  156 42  74 52  156 43 
26 proc24 32 166  45 44  14 27  138 34  94 40  86 40  24 28  23 42  2 41  159 40  87 26  45 33  152 30  13 41  115 43  81 28  70 29  104 34  20 32  87 43  41 45  35 33  57 28  61 41  95 36  8 32  144 43  139 43  153 34  130 43  88 44  33 32  93 45  2 35  133 41  62 36  17 28  79 42  162 39  134 40  35 32  28 40  115 32  65 43  160 45  46 38  81 39  80 28  136 31  42 39  92 28  118 33  42 27  104 27  12 34  51 36  134 45  148 35  87 37 
51 proc25 51 130  82 96  7 74  116 66  10 55  117 52  23 68  120 100  44 72  0 57  58 61  113 87  107 80  53 99  124 85  84 71  64 66  68 59  42 54  47 72  107 58  74 66  85 81  120 51  114 63  103 93  110 97  116 53  59 100  83 65  34 51  91 73  77 74  44 53  89 79  43 83  126 70  67 85  56 61  86 75  49 90  85 95  17 93  120 83  115 97  3 72  114 54  122 60  128 99  52 77  0 84  26 86  84 81 
97 proc26 109 222  199 107  192 102  91 144  123 164  221 151  37 119  150 119  154 164  48 149  29 181  22 118  99 114  108 105  137 128  128 98  160 144  13 107  115 138  11 120  169 113  78 131  188 146  22 101  149 134  142 142  89 111  105 157  161 151  97 115  57 112  14 120  213 128  8 169  131 102  5 149  82 98  167 114 
85 proc27 103 204  1 130  135 102  158 88  147 97  8 115  38 128  154 102  142 122  97 128  203 146  26 121  110 134  138 126  124 122  152 122  151 150  170 135  53 128  147 134  152 111  203 98  61 89  162 137  190 98  114 107  11 149  157 114  43 130  87 141  8 149  167 91  60 143  190 147  2 129  187 126  160 91  88 108  84 136  41 87  101 89  56 106  168 117  53 100  49 106  47 146  48 150  88 150 
44 proc28 54 187  130 62  17 54  161 64  10 76  15 61  103 75  147 75  57 53  15 60  58 48  12 47  180 54  90 65  178 64  70 70  156 65  35 64  99 70  142 59  16 56  33 44  9 62  158 50  112 72  73 69  117 62  80 77  53 69  148 45  11 75 
52 proc29 71 164  97 60  127 68  137 84  107 66  112 65  22 72  92 68  16 77  11 84  162 73  40 71  29 74  117 63  104 52  129 80  51 58  51 63  89 78  131 54  89 65  2 74  8 61  27 54  48 52  147 75  102 58  147 62  137 53  61 66  161 60  7 81  8 62  68 82  86 67  133 61  119 62  127 78  69 84  72 70  116 76  84 68  163 66  21 76  9 64  55 66  28 64  59 80  124 67  137 73  3 74  142 74  81 78  86 68  99 60  107 72  53 60  105 80  100 79  30 56  48 76  35 72  67 79  116 75  62 59  73 57  35 57  24 76  160 61  106 71  108 58  66 66  81 59  54 53  137 80  46 55  89 74  17 70  17 55  23 75  62 70  65 54  152 74  53 70  39 83  80 65  49 61  148 67  74 54  152 66  43 74  153 65  120 58  129 77  144 57  137 68  6 62  60 61  131 60  143 80 
91 proc30 95 133  54 115  97 100  32 104  20 137  77 154  124 107  49 115  122 153  31 126  70 100  58 121  22 118  31 120  115 139  51 107  20 94  99 150  115 98  71 158  63 137  109 150  124 112  22 140  3 152  121 153  13 121  106 177  107 95  131 107  17 111  11 94  51 164  129 119  30 130  11 122  3 127  123 136  121 171  30 138  119 158  118 113  119 103  34 143  71 133  26 144  112 104  46 160  69 114  118 156  30 95  34 136  37 96  4 94  90 164  124 120  27 148  130 147  123 156  83 160  94 93  71 149  13 96  78 177  2 126  102 166  113 157  41 155  82 119  18 137  0 106  92 151  41 122  17 137  17 133  67 96  130 147  26 142  98 92 
32 proc31 44 167  91 46  20 51  130 41  49 36  164 41  30 33  93 39  108 35  50 44  49 39  129 48  140 51  163 44  124 36  60 42  158 35  36 37  69 44  110 35  1 48  20 48  101 46  56 44  25 51  55 49  86 39  120 34  53 49  119 49  4 43  90 32  78 48  0 32  39 32  4 50  131 32  151 38  51 42  14 48  60 38  64 44  87 43  32 44  48 33  64 45  158 42  41 42  106 44  42 39  64 49  98 33  151 32  0 48  36 42  113 36  164 41  69 47  108 35  50 32  166 41  122 40  94 32 
102 proc32 120 180  45 178  2 125  18 117  143 120  67 103  112 173  14 111  161 145  96 163  78 178  106 181  125 182  143 175  132 116  95 126  78 110  172 162  23 152  4 128  92 153  8 127  127 136  38 174  177 157  53 141  143 129  170 154  11 156  5 117  152 110  171 108  165 114 
108 proc33 116 186  171 151  6 175  74 169  109 178  161 146  27 183  169 128  120 164  131 206  98 146  85 182  9 137  58 136  45 139  144 143  80 187  172 185  150 198  140 155  13 140  99 118  49 159  137 201  145 144  113 117  44 197  17 157  136 199  23 203  111 146  26 205  107 121  90 124  69 173  141 176  159 161  123 164  136 122  3 123  152 205  148 184  126 119  64 116  54 163  67 185  65 193  167 119  102 109  57 114  112 150  66 175  65 161  107 111  75 185  108 177  36 202  50 172  49 132  50 168 
113 proc34 120 165  39 171  86 134  86 166  136 121  64 140  47 166  36 206  10 189  1 196  110 201  25 171  106 194  162 195  73 198  24 145  146 199  122 141  1 198  126 175  29 206  26 164  10 175  71 161  35 122  18 218  65 144  10 165  116 212  46 124  160 155  43 114  163 173  73 168  140 182  97 130  90 172  13 167  118 178  149 119  89 199  65 212  8 133  121 194  14 145  80 163  102 206  84 168  56 119  129 190  153 193  65 202  117 202  110 194  27 137  156 162  127 164  134 160  64 127  94 156  25 153  21 192  64 183  160 146  126 179  16 117 
89 proc35 100 153  69 146  59 132  15 151  23 126  138 148  50 136  24 137  22 114  40 108  87 94  119 97  121 116  76 133  125 127  129 94  65 139  33 144  136 140  107 140  49 130  86 93  101 98  103 155  146 113  53 155  105 93  147 111  93 153  94 118  97 143  38 144  14 163  6 108  144 139  28 124  78 114  36 91  97 130  22 108  26 143  92 134  120 148  77 108  28 151  150 137  12 150  8 131  4 124  73 94  0 142  61 89  88 91  129 102  109 138  45 148  99 107  140 102  96 160  23 112  133 91  98 160  106 135 
123 proc36 124 205  76 236  120 187  113 159  60 221  109 161  45 131  183 216  185 234  65 184  107 131  14 239  10 148  18 135  4 160  71 198  24 188  90 138  31 145  97 145  28 148  81 174  117 138  128 220  164 206  135 238  29 162  36 136  59 153  29 151  165 154  81 240  43 173  133 229  173 189  170 195  29 192  75 130  106 151  39 212  196 145  134 207  120 196  61 131  20 125  44 174  193 145  176 133  94 184  110 147  132 126  62 226  124 227  107 161  140 219  92 125  119 217  155 184  194 184  13 152  104 234  201 224  184 132  126 209  74 233  138 205  109 214  169 191  138 179  55 208  14 241  4 153  174 175  170 136  173 165  177 185  39 129  168 165  142 158  94 215  124 244  18 141  28 240  59 166  56 198  38 209  59 219  204 162  204 210 
66 proc37 83 137  79 108  104 84  74 73  45 83  122 102  113 100  47 112  31 83  131 96  94 88  73 104  91 82  56 114  6 100  7 87  27 108  53 102  15 70  90 113  116 113  22 79  107 66  66 104  37 114  126 71  53 94  85 94  85 93  100 89  121 89  74 72  39 81  126 104  84 70  82 106  103 97  1 111  20 85  57 76  110 80  18 72  92 80  0 66  74 79  114 77  54 95  52 85  8 87  115 86  86 66  122 104  10 92  126 90  37 96  71 96  59 67  3 114  39 88  37 80  88 99  0 103  49 74  65 75  60 86  133 82  69 69  62 79  87 111  93 97  65 99  101 97  100 71  122 73  91 106  64 89  20 78 
58 proc38 58 141  57 92  100 84  12 72  78 59  51 67  71 66  134 93  34 106  74 65  6 105  6 80  37 80  41 104  95 86  125 112  93 113  125 95  137 74  103 92  22 79  26 110  57 63  92 105  84 103  76 86  29 75  29 93  73 73  14 76  34 75  96 66  45 94  112 89  82 82  47 71  92 101  129 59  26 87  33 93  37 86  138 100  124 99  65 69  28 85  90 91  10 93  121 102  130 63  28 66  30 66  107 67 
98 proc39 111 218  184 154  167 127  56 111  89 176  158 130  83 124  65 124  31 145  175 110  18 146  70 103  171 153  163 152  102 123  41 127  8 117  22 163  1 168  36 115  3 127  26 169  16 176  32 164  205 179  60 127  97 118  72 182  95 144  41 148  130 155  202 100  124 177  4 179  120 158  158 140  143 119  117 157  183 137  115 108  172 174  117 134  121 170  136 99  206 145  139 160  75 142  166 108  38 143  141 157  27 160  97 122  173 141  21 151  53 135  124 172  2 157  93 179  120 117  64 135  4 145  136 182  17 133  187 142  70 156  30 156  8 175  177 173  124 134  136 173  150 162  127 114  100 146  92 182 
69 proc40 83 166  132 123  70 80  104 102  78 100  45 90  46 109  104 86  107 71  153 100  47 105  153 110  56 121  58 108  10 72  63 115  106 97  12 115  20 120  23 97  157 83  153 105  131 85  119 113  71 110  109 86  16 83  19 78  53 119  65 94  145 75  140 79  163 76  16 116  23 123  122 87  113 72  138 111 
127 proc41 142 156  51 174  139 191  13 143  67 193  78 145  108 164  9 212  146 157  30 234  16 156  144 159  26 149  95 211  35 172  139 206  84 133  26 174  54 138  84 136  13 173  76 145  3 236  51 216  119 160  68 154  74 172  67 219  135 149  92 181  15 162  101 130  110 146  39 223  66 226  130 218  29 133  45 227  35 211  25 237  77 161  34 179  51 196  152 161  8 192  72 174  8 204  151 141  16 197  155 221  57 216  33 217  107 166  146 193  75 138  12 224  9 201  149 139  48 164  118 235  106 213  107 218  107 189  133 130  36 215  77 204  5 154  51 143  62 228  98 172  85 146  6 173 
59 proc42 74 143  71 100  72 74  67 76  138 74  65 67  14 91  68 67  54 101  35 88  136 100  97 64  31 98  25 68  8 88  91 88  60 89  26 79  120 73  123 63  140 92  54 92  87 71  39 77  120 88  69 72  59 81  106 92  28 89  65 62  35 59  8 77  127 70  37 86  80 87  29 90  15 98  40 73  63 73  77 97  107 71  106 60  122 60  66 87  9 89  139 82  96 95  116 95  135 91  17 63  4 82  102 89  106 91  122 85  55 69  19 100  11 63  19 92  4 89  94 72  49 83  58 81  71 69  34 98  18 64  88 70  50 71  18 62  141 78  16 78  5 61  49 62  137 70  102 68  129 68  130 92  120 70  132 61  30 60  64 74  51 77  47 94  127 80  115 85  38 79  12 80  0 97  11 84  82 96  87 82  0 68  56 67  97 83  121 76  45 88  8 87  3 90  31 88 
107 proc43 125 187  131 143  85 159  49 193  98 122  134 178  163 150  160 166  130 108  108 144  19 149  69 184  149 152  156 159  176 121  34 124  130 182  174 190  118 119  35 137  85 182  136 139  146 162  13 136  67 193  85 150  108 141  66 134  48 137  26 193  72 184  167 118  81 152  128 185  88 126  84 147  43 161  90 165  185 137  175 139  80 193  7 130  124 148  155 194  47 169  106 177  138 182  177 176  138 195  129 129  178 118  110 153  102 175  120 149  14 164  20 167  78 190  34 147  184 173  84 168  80 162  164 151  132 165  106 180  169 145  20 137  117 109  50 110  41 154  174 120  176 182  46 110  119 129 
90 proc44 93 202  170 126  119 142  27 156  106 135  156 156  33 144  58 168  104 118  105 139  115 134  31 163  37 98  106 118  23 96  200 160  22 147  162 99  108 91  2 147  193 151  142 176  116 93  86 98  102 148  60 164  188 147  106 90  23 107  141 127  12 102  19 90  72 114  108 166  134 159  160 146  34 156  117 145  31 127  134 96  124 99  47 106  16 136  100 128  130 135  17 161  145 169  144 106  150 146  128 116  93 125  174 155  119 124  75 167  190 91  13 154  134 151  156 152  181 170  121 149  60 170  184 171  106 93  118 171  109 90  103 93  131 169  128 124  63 97  130 172  143 95  96 94  171 126  191 160  71 169  191 151  180 160  66 131  64 147 
68 proc45 85 149  11 117  133 111  93 88  108 73  25 101  131 88  78 83  93 79  130 75  40 89  120 103  63 83  92 87  50 69  10 77  12 77  26 76  134 106  56 106  53 76  146 69  33 68  103 110  7 81  59 91  117 101  104 69  95 79  148 90  81 99  14 84  31 105  110 84  30 96  131 84  118 116  119 106  55 76  0 102  29 70  131 98  90 80  39 75  144 68  43 104  58 102  41 114  127 69  127 112  29 107  103 107  98 68  20 101  18 72  98 97  80 89  65 85  37 81  67 74  4 96  119 87  49 112  13 99  23 92  47 90  110 100  70 90  84 78  85 82  121 113  22 89  134 93  93 90  53 104  65 95  3 113  139 92  66 102  91 99  15 69  2 87  10 105  47 106  33 87  68 78  37 112  67 95  39 111  54 74  43 94 
99 proc46 104 177  155 163  59 149  91 118  149 175  88 183  44 176  169 124  35 138  167 160  129 142  83 186  153 120  33 159  5 184  62 108  15 187  108 111  172 184  102 129  86 161  36 182  63 145  96 173  150 115  128 145  150 126  30 147  51 132  98 99  60 178  92 121  27 115  155 175  53 122  171 106  101 159  97 161  62 110  93 102  111 114  142 117  78 146  42 147  71 113  13 162  127 158  38 155  132 150  4 113  104 177  152 190  36 144  23 181  96 132  141 141  164 192  119 121  110 184  26 185  124 151  143 155  148 172  60 123  25 183  123 136  74 117  166 169  1 125  39 177  141 106  137 139  114 143  25 111  64 190  59 166  98 116  98 191  30 106  7 126  53 118  17 122  56 155  68 132  31 182  164 105  118 168  129 128  30 165  114 180  33 102  114 118  22 168  32 142  24 191 
137 proc47 154 213  89 226  45 250  149 180  171 180  174 229  87 200  74 242  96 220  117 171  60 243  31 151  124 158  139 222  169 147  130 218  210 221  30 186  171 235  18 212  178 255  203 222  90 220  30 147  188 165  119 161  194 206  176 222  136 194  165 244  89 153  54 215  119 240  191 178  51 229  24 232  38 172  100 146  110 244  163 175  126 192  182 158  37 229  61 224  65 165  114 218  126 144  91 137  41 167  171 200  97 158  171 207  28 212  112 185  38 227  72 207  193 157  121 158  4 215  71 150  14 184  104 144  141 254  22 173  83 178  155 152  207 139  133 240  21 173  191 149  187 238  43 152  122 182  64 234  165 146  45 231  108 214 
129 proc48 132 175  60 246  43 169  84 225  36 168  118 167  102 166  125 130  35 233  127 157  9 171  46 172  15 171  46 200  69 249  157 176  44 143  85 145  171 193  105 160  110 252  123 185  167 160  41 190  2 234  89 243  98 145  3 254  127 239  14 136  55 140  12 250  16 219  142 203  68 250  0 132  97 175  169 154  173 241  72 211  5 176 
89 proc49 107 153  117 122  120 154  116 128  18 140  101 112  130 96  87 111  76 135  148 148  56 103  134 147  0 94  150 156  112 119  63 146  21 138  119 149  142 142  122 135  141 150  19 123  34 144  77 130  44 94  66 94  150 132 
132 proc50 140 185  73 164  31 195  5 228  98 184  90 230  18 193  150 238  123 253  146 186  49 185  30 189  125 214  9 169  130 166  41 176  56 245  178 149  173 152  0 207  66 145  19 209  36 190  82 156  126 208  20 209  43 150  108 148  54 202  9 139  157 254  81 241  83 195  35 232  124 184  25 160  97 229  143 144  133 232  108 215  2 183  117 189  98 175  81 175  129 254  18 162  7 170  49 236  93 147  29 189  90 136  39 137  151 134  136 202  141 247  144 162  106 194  3 240  36 165  38 164  42 146  133 156  76 206  8 221  0 152  17 161  144 175  93 255  157 244  180 215  22 226  123 214  83 145  67 147  131 162  151 145  82 237  9 164  149 233  9 149  107 212  55 151  54 149  95 173 
128 proc51 143 172  17 231  115 186  131 204  41 176  131 172  54 166  38 189  167 201  45 194  71 173  29 138  38 142  91 169  1 134  167 194  93 192  156 233  147 170  150 220  120 236  109 217  129 210  22 185  153 180  81 200  107 132  83 208  87 200  54 172  10 160  42 160  47 181  132 225  133 197  23 176  40 220  60 219 
112 proc52 118 177  53 145  132 148  8 186  145 124  111 214  54 148  108 123  31 121  48 191  10 143  86 127  21 123  21 161  66 195  12 132  128 156  66 216  142 180  98 184  37 144  151 140  143 143  170 211  5 141  7 174  119 215  175 170  9 156  120 125  109 114  52 116  25 124  143 196  20 144  108 126  104 189  156 139  166 119  69 112  22 204  14 168  173 211  104 168  39 153  89 129  10 141  32 160  91 168  30 161  71 115  176 159  49 175  70 152  135 132  40 145  46 141  125 165  74 135  52 130  107 144  90 178  109 200  154 173  129 178  138 165  154 137 
91 proc53 98 150  77 170  146 173  14 149  101 91  37 97  83 142  58 153  123 174  42 112  143 171  116 101  148 130  131 155  66 148  123 146  73 134  50 130  81 111  113 91  140 127  0 123  146 99  4 124  19 117  84 168  52 94  9 157  94 109  118 125  13 145  3 99  97 102 
61 proc54 79 148  66 84  136 87  48 93  121 86  46 103  96 83  62 73  7 66  1 79  3 67  132 87  89 61  26 76  129 67  124 89  85 76  93 66  136 80  106 70  52 81 
101 proc55 102 188  163 141  165 145  109 101  80 106  50 126  51 101  184 145  129 177  81 175  163 191  104 104  0 187  85 170  94 200  10 179  8 166  170 146  138 189  54 123  117 181  99 193  21 188  32 111  12 150  29 148  88 182  183 153  115 157  181 138  39 192  167 116  177 139  153 168  106 160  89 124  175 193  136 173  148 157  143 197  26 121  79 103  49 199  66 121  86 177  49 163  63 173  105 177  42 191  43 141  73 189  116 194  185 185  121 162  164 101  117 103  180 105  168 126  15 160  69 110  39 103  91 155  79 102  19 142  63 179  14 146  127 151  130 149  126 156  13 179  4 171  157 181  2 138  158 130  116 104  171 136  22 163  2 186  67 126  154 160  15 161 
60 proc56 62 138  24 96  33 91  93 67  89 116  64 80  47 104  79 62  135 106  119 83  49 115  42 90  42 103  93 112  37 109  26 94  83 75  34 109  66 113  128 78  111 72  2 115  64 111 
80 proc57 80 152  117 87  112 84  133 84  93 107  64 142  68 103  2 80  112 95  121 100  94 111  110 98  72 100  7 116  128 150  88 100  38 158  3 142  26 128  11 103  27 115  149 80  50 128  72 130  55 129  39 141  144 109  15 80  122 126  93 146  44 157  118 123  83 97  113 141  121 156  108 93  80 122  141 122  106 157  37 105  118 148  38 142  73 118  55 99  108 132  21 105  41 155  100 157  124 157  114 142  50 95  139 138  25 152  4 99  53 97  36 99  117 82  9 135  8 96  114 109  76 144  118 102  139 154  107 136  143 141  102 97  4 97  51 117  81 80  56 94  97 84  17 135  31 146  134 111  107 136  20 87  112 146  29 132  68 144  92 116  86 130  117 106  11 113  0 140  89 104 
124 proc58 126 157  32 216  97 203  141 220  49 136  5 204  80 155  123 177  23 130  3 148  82 158  131 147  4 202  32 146  49 201  138 182  20 202  66 234  122 237  49 236  80 188  88 206  66 239  47 230  113 228  22 164  88 214  46 174  60 225  103 172  28 147  57 151  130 142  74 142  80 225  16 139  85 204  104 144  2 236  147 199  108 138  62 238  72 182  39 157  94 243  116 220  134 195  79 124  46 142  77 225  26 152  70 167  73 219  44 184  43 195  66 187  110 132  97 196  144 224  33 228  30 193  111 243  73 205  147 234  93 144  154 225  68 211  138 160  116 214  91 151  124 238  60 129  36 147  11 193  12 186  137 226  101 134  50 154  0 226  45 199 
59 proc59 76 186  162 64  11 77  123 75  113 95  160 88  171 71  8 61  142 67  83 83  184 65  156 75  64 75  30 83  4 86  51 75  178 74  171 81  19 87  26 81  179 99  133 71  170 75  15 59  166 71  4 61  160 82  115 84 
111 proc60 114 153  62 200  121 184  77 194  23 163  23 212  120 142  66 155  91 144  9 155  128 169  87 135  1 192  129 216  130 122  6 132  2 132  83 169  13 162  61 208  56 141  135 116  131 184  31 151  6 196  110 218  60 198  77 117  6 154  73 119  124 163  102 129  45 143  122 187  90 130  145 113  11 191  17 161  98 184  133 188  139 210  85 137  32 118  5 174  138 163  72 139  30 213  83 213  78 143  6 161  4 188  34 151  22 187  79 130 
87 proc61 103 204  124 95  79 115  164 88  142 96  112 139  131 119  56 139  39 87  10 137  201 141  195 116  181 147  82 102  184 112  191 121  61 95  129 142  190 99  20 92  135 99  11 114  173 140  20 123  151 137  154 126  43 103  153 129  157 111  203 88  83 116  162 114  174 126  29 152  200 155  162 119  54 134  142 133  37 115  183 129  65 144  4 119  22 157  1 125  9 139  61 151 
141 proc62 144 189  69 259  85 245  88 200  95 271  67 156  148 253  76 197  136 166  166 258  124 174  67 225  156 151  41 166  127 233  129 214  13 213  15 252  90 176  5 199  3 164  53 203  105 262  31 250  8 168  83 181  42 240  16 244  158 198  164 238  115 262  15 171  173 209  32 177  4 257  131 272  169 250  29 179  60 257  73 242  128 181  136 247  53 211  116 253  145 242  177 222  66 187  5 223  159 199  61 220  9 157  106 219  122 251  134 221  67 169  62 274  45 228  47 252  97 175  179 190  125 239  119 165  106 187  112 203  161 267  110 184  46 159  31 271  33 142  97 259  54 159  42 142  104 218  2 208  188 142  60 233  159 192  185 189  115 266  23 245  152 157  64 161  96 173  49 246  130 167  41 146  117 243  88 234  42 201  103 236  82 222  100 204  90 209  0 272  76 264 
94 proc63 106 170  138 175  22 128  28 152  53 122  67 98  26 152  63 114  44 155  115 148  126 135  7 146  43 112  64 94  125 125  8 101  48 121  140 102  41 101  158 108  105 94  70 96  110 129  118 140  87 105  60 147  118 155  20 147  9 134  167 175  53 154  94 103  67 107  86 164  106 98  33 155  44 117  45 158  151 99  95 170  141 145 
81 proc64 82 151  124 115  95 83  121 120  45 127  126 130  81 101  21 140  91 124  41 104  72 101  106 160  34 88  96 107  125 118  52 138  114 146  72 123  0 114  84 103  125 146  67 95  27 152  23 158  91 99  4 154  135 125  113 86  40 97  144 87  58 145  33 132  66 140  76 149  146 159  108 125  67 115  23 135  109 85  57 141  107 136  61 125  19 110  108 152  80 147  72 131  142 94  3 132  56 100  119 118  89 83  17 147  98 126  95 94  84 156  104 89  60 111  128 103  38 87  137 138  33 156  102 107  7 83  79 146  31 102  109 104  123 89  121 124  13 82  124 120  64 115  133 144  92 84  51 157  45 84  94 147  90 115  101 152 
133 proc65 147 196  163 172  141 203  135 162  121 158  52 146  132 209  20 163  183 246  38 241  137 155  96 189  107 186  117 223  159 249  178 146  34 200  38 161  156 230  114 201  143 250  128 217  170 188  126 198  112 171  31 177  185 148  44 248  139 229  84 235  114 220  185 177  124 173  128 169  114 135  123 136  124 181  52 190  159 197  169 157  102 172  41 159  131 174  99 247  159 223  88 236  10 209  182 209  18 225  131 249  29 212  105 210  113 211  13 235  51 133  20 249  142 192  113 208  14 161  64 234  112 173  163 183  142 238  168 228  176 244  8 169  162 225  120 204  30 243  24 198  75 168  103 154  17 202  54 191  144 172  117 221  183 140  138 192  146 160  50 187  171 142  48 214  128 217  129 149  17 194  108 190  110 251  69 196  143 171  72 161  110 175  152 153  34 150  183 150 
139 proc66 156 166  121 196  130 156  87 240  142 234  1 163  13 239  119 210  118 191  15 197  111 142  123 182  71 218  58 167  119 168  105 211  8 175  67 187  62 181  111 179  93 210  40 228  105 150  148 168  109 198  37 215  86 159  134 174  72 165  59 178  123 155  79 156  65 259  23 250  141 232  85 197  2 234  15 234  38 202  4 190  0 232  41 204  121 144  164 234  41 187 
134 proc67 141 180  54 226  91 191  132 243  135 210  26 251  24 248  118 259  115 144  47 235  161 253  47 214  84 198  0 209  143 252  19 149  91 200  25 146  25 195  172 224  81 194  49 224  29 139  70 147  149 237  70 155  151 253  71 155  103 205  79 146  122 190  62 203  148 134  88 237  42 202  26 189  151 138  101 166  115 233  69 143  162 159  87 161  129 259  112 193  153 136  170 138  34 217  0 172  117 146  48 135  93 200  154 208  21 193  169 206  172 152  145 232  121 239  31 179  134 164  174 171  27 167  74 209  142 232  116 190  87 254  58 191  110 231  40 256  32 237  12 186  11 148  102 156  81 147 
123 proc68 130 209  120 187  84 235  52 204  11 218  119 157  135 209  12 213  129 137  144 206  169 173  20 202  48 205  43 204  72 231  47 167  57 218  142 172  42 186  45 234  132 213  94 197  112 214  199 125  18 133  176 164  174 196  204 211  54 196  119 213  59 222  54 166  175 127  178 177  23 205  112 225  20 185  136 215  103 215  86 142  181 171  72 153  171 172  160 151  27 172  194 179  78 137  124 233  207 175  183 200  80 197  98 182  5 222  154 173  72 130  202 168  135 237  112 176  133 194  86 161  184 191  89 159  82 186  18 207  148 178  23 125  130 216  41 158  68 205  85 151  68 146  27 143  145 157  143 183  44 146  72 224  143 185  202 173  86 150  97 231  55 171  96 212  163 156  162 218  174 200  4 203  38 196  78 236  12 173  95 203  85 148 
98 proc69 110 223  33 110  187 167  216 99  193 99  134 99  146 102  73 153  163 162  145 178  91 170  136 109  57 155  15 133  216 125  210 143  212 102  114 151  85 104  58 160  90 136  103 152  206 106  86 154  205 137  25 138  196 181  222 143  17 174  100 107  102 151  14 117  108 108  153 134  13 139  19 114  66 159  111 110  183 183  190 130  91 122  10 145  146 127  195 158  16 168  59 127  45 121  211 99  86 124  117 132  123 133  197 135  35 124  10 161  52 121  154 146  185 171  93 158  58 106  157 118  138 101  194 112  174 101  107 133  93 136  130 179  137 123  177 173  182 179  45 167  157 152  156 155  26 130  112 140  200 148  45 123  147 107  69 153  191 145  129 131  62 164  48 162  134 158  141 155  74 102  213 155  164 161 
152 proc70 163 150  65 230  44 164  87 184  16 246  5 232  32 160  118 161  105 169  34 216  1 226  112 208  74 240  124 200  50 275  147 173  112 276  43 271  148 235  41 201  37 187  87 267  5 268  34 187  14 166 
128 proc71 145 212  1 162  152 214  148 219  172 198  27 232  13 217  11 189  55 178  16 204  159 147  78 153  31 210  74 136  143 178  208 191  144 205  60 183  153 187  82 148  16 221  50 236  36 155  135 162  10 236  103 232  197 214  117 190  204 184  92 187  182 216  131 230  151 172  19 234  39 150  58 132  31 151  117 198  201 181  158 145  44 172  200 136  83 149  78 198  84 203  31 141  112 151  21 234  205 172  175 181 
118 proc72 135 209  47 127  1 121  131 143  1 164  119 172  179 218  73 176  87 149  63 137  92 198  19 204  75 189  122 151  7 139  201 127  169 198  41 185  192 129  78 212  33 148  100 214  33 181  51 174  135 197  78 145  201 207  77 119  101 162  100 167  145 194  27 141  103 127  117 122  82 131  123 127  26 195  40 190  29 209  22 151  206 188  105 178  118 190  108 167  94 181  40 165  63 207  187 143  187 144  174 203  133 143  176 134  153 149  60 159  20 166  139 176  103 218  57 125  138 163  153 137  136 138  184 196  103 121  78 191  178 183  143 186 
132 proc73 140 195  179 144  51 185  91 197  24 226  52 135  52 197  160 174  7 182  106 155  42 209  114 161  105 166  93 152  172 182  119 250  187 147  51 246  171 227  119 172  17 187  45 178  193 252  99 217  165 213  187 203  22 244  74 247  140 203  133 180  29 153  32 203  99 240  3 232  165 185  142 213  166 251  191 173  137 220  42 231  106 239  119 148  81 214  0 185  171 212  143 155  129 212  93 205  70 160  175 148  24 193  34 194  53 229  32 180  126 234 
81 proc74 96 181  88 93  117 82  103 112  106 126  169 85  10 142  179 98  49 85  39 99  114 103  53 119  123 90  93 108  128 83  47 104  96 134  76 112  25 104  176 119  173 119  116 100  87 113  53 115  75 139  46 97  55 123  152 87  102 86  86 115  74 112  165 83  170 106  105 86 
135 proc75 138 178  152 216  17 162  65 232  140 151  2 248  135 167  153 220  132 207  100 140  10 162  52 231  166 186  71 260  176 234  23 167  3 150  141 145  98 162  161 237  77 194  77 141  82 239  58 199  130 247  104 152  152 171  127 171  37 167  143 145  59 249  108 145  163 155  104 239  167 258  10 153  95 161  145 210  162 248  57 242  27 208  122 236  6 168  163 196  135 234  101 195  139 245  78 146  148 221  75 240  113 256  69 195  39 215  73 213  83 210  5 222  158 176  134 193  64 193  52 138  115 190  37 173  29 200  67 162  163 231  2 163  94 255  17 232  130 159  1 197  87 227  169 247  177 204  98 206  89 157  84 219  126 204 
135 proc76 150 182  131 172  115 154  22 150  79 186  144 155  113 247  84 154  66 254  171 229  94 180  181 155  158 175  104 245  47 222  99 239  34 247  77 244  96 242  28 234  0 247  105 197  110 192  69 200  66 211  131 136  29 163  77 228  74 196  81 241  155 180  32 252  155 230  82 168  81 221  117 248  26 243  175 182  156 135  4 229  174 150  181 205  137 235  135 239  76 246  24 206  88 171  164 200  37 173  3 221  100 223  126 201  140 254  135 241  54 224  135 203  146 175  48 139  29 181  4 198  91 197  26 192  64 193  166 236  180 220  146 219  33 155  42 241  81 151 
89 proc77 100 185  82 89  178 117  55 110  60 121  64 160  22 165  46 111  118 92  135 123  153 126  127 117  137 159  62 120  140 145  20 89  97 135  6 149  139 141  36 120  96 118  114 133  32 108  104 102  3 100  170 106 
135 proc78 152 153  98 190  79 137  26 251  21 184  137 173  139 228  29 249  92 247  55 177  68 245  119 217  69 135  63 251  13 209  114 203  82 184  118 139  145 155  69 234  64 242  45 208  6 228  57 246  98 188  16 160  134 154  95 184  111 181  49 227  99 200  150 183  95 190  61 190  131 198  150 170  57 190  118 155  141 204  59 142  31 188  149 189  83 160  113 238  147 173  37 218  94 144  146 243  21 208  21 165  57 221  92 213  111 195  50 197  129 138  83 151  56 245  45 154  93 195  53 232  89 221  52 227  22 218  93 181  125 144 
117 proc79 120 199  106 130  144 168  166 200  42 171  126 117  13 183  21 163  131 213  78 186  81 127  158 160  141 206  126 187  177 194  177 199  144 165  50 144  179 161  190 128  170 219  41 142  43 214  16 151  138 215  73 212  86 189  69 199  193 207  21 177  113 139  109 169  60 142  124 188  153 127  16 202  188 129  40 185  121 216  160 223  151 225  57 211  197 130  21 149  54 218  119 192  19 155  27 229  188 128  97 167  23 187  197 136  172 167  197 210  95 224  108 122  124 191  63 203  23 165  93 226  104 131  47 210  19 216  181 134  180 195  104 150  170 221  169 119  141 174  191 209  81 215  62 187  20 216  129 165 
118 proc80 118 205  121 133  123 176  148 207  46 119  137 184  155 226  4 129  176 119  45 208  76 181  2 189  103 143  18 196  1 162  62 164  139 183  186 160  71 234  145 229  103 228  63 187  163 171  145 227  51 141  197 184  144 129  8 222  159 195  194 228  12 186  91 214  33 226  7 143  0 156  21 231  26 197  160 143  155 149  121 194  89 220  129 152  109 165  75 154  170 208  24 133 
135 proc81 145 185  25 204  26 205  34 187  45 152  13 188  139 218  106 241  6 152  56 138  152 178  17 239  44 257  155 250  151 211  90 138  23 226  45 164  83 174  38 201  118 143  184 138  28 255  66 174  149 167  17 201  32 135  136 173  49 178  103 208  62 164  166 135  177 238  1 222  24 199  123 163  9 259  31 252  146 252  71 220  86 209  42 166  176 185  114 137  70 233  160 154  42 139  84 211  87 137  28 237  176 179  70 227  8 148  89 150  117 251  132 220  117 239  56 228  86 196  15 189  19 158  23 148  52 228  66 144  112 216  118 149  165 205  23 156  23 178  63 177  89 225  78 211  52 231  181 165  172 228  29 178  106 168  38 153  28 234  165 185  66 228  111 168  154 135  139 234  63 202  52 189  80 257  92 192  183 240  137 238  18 182  96 177  87 190  17 170  106 177  122 197  96 239  86 162  51 137  28 259 
129 proc82 134 133  3 160  53 166  92 238  8 174  40 202  82 226  126 164  131 249  16 137  94 239  0 225  108 174  92 223  125 169  116 194  105 191  54 243  12 173  51 140  5 199  113 132  84 225  85 212  26 241  85 203  107 237  87 252  6 157  85 166  27 218  10 248  110 199  24 191  131 149  63 204  9 222  66 199  125 241  19 162  41 185  60 141  31 156  72 134  114 230  89 248  15 145  7 218  30 228  89 141  27 165  85 151  37 167  106 136  37 246  23 192  96 149  14 214  18 148  85 227  33 133  7 187  61 212  69 171  99 175  40 243  19 206  6 152 
94 proc83 106 146  95 119  99 98  7 137  125 127  4 143  141 154  87 149  30 167  132 133  49 159  25 131  83 107  6 105  94 118  77 159  122 106  4 123  10 155  74 153  24 160  130 132  94 175  39 116  50 133  59 133  48 94  70 105  91 152  106 106  74 121  9 118  31 101  94 151  24 142  14 95  101 156  53 173  37 150  142 151  101 175  8 132  124 106  103 111  123 168  77 169  85 122  86 157  99 170  142 118  40 171  141 171  123 162  13 133  124 109  86 151  48 125  51 112  141 159  80 130  41 163  8 174  98 144  81 147  112 116  143 102  73 116  132 170  40 95  49 146  8 144  66 126  53 137  67 138  94 105  135 97  142 125  100 110  75 161  114 139  97 159  31 122  104 155 
163 proc84 165 156  141 182  140 225  101 260  108 322  126 320  137 185  30 167  150 212  112 210  16 166  144 237  53 263  146 252  91 174  136 268  3 317  136 182  28 225  149 185  55 284  49 249  124 283  53 237  92 268  43 190  33 219 
171 proc85 190 221  130 183  65 287  207 259  38 274  190 228  25 181  207 198  136 238  196 213  130 208  175 283  40 211  114 203  187 305  139 251  36 174  111 262  202 315  5 176  81 215  140 231  43 216  20 239  202 194  66 287  198 265  77 233  46 199  108 193  169 216  176 212  40 230  51 220  130 196  40 181  216 304  190 175  178 225  91 206  172 217  144 308  49 278  38 190  63 313  74 181  45 178  182 287  61 220  199 320  33 255  54 194  71 297  160 311  199 302  154 276  59 209  78 233  42 173  170 299  8 309  210 246  17 242  104 263  55 256  142 261  101 300  81 286  185 192  167 303  144 297  186 245  142 227  57 192  125 236  161 253  215 203  152 231  65 233  55 290  117 277  173 200  138 206  8 222  148 282  138 275  147 321  19 300  111 181  124 316  175 198  114 177  87 268 
133 proc86 148 159  72 214  35 217  115 222  60 221  147 156  43 149  75 185  70 147  113 248  1 246  54 249  25 192  71 201  88 177  149 173  125 238  90 144  147 160  57 248  94 211  120 239  59 225  50 204  127 198  129 195  146 221  51 134  99 160  96 206  73 148  115 226  0 136  53 215  30 227  49 169  7 232  40 172  132 206  37 208  21 194  80 222  117 212  118 203  21 182  11 197  68 161  71 208  110 166  142 203  86 133  118 201  128 153  1 197  16 233  127 137  131 177  132 217  105 206  72 249  72 202  158 206  61 243  135 152  47 207  80 172  77 218  68 198  123 234  73 222  34 173  104 146  100 209  21 226  20 156  25 172  102 178  85 213  105 167  103 204 
105 proc87 123 169  111 136  37 170  48 108  72 165  123 187  157 142  134 188  51 160  98 123  102 178  143 157  21 137  120 117  64 185  18 175  54 108  137 170  22 171  88 156  30 166  51 119  64 155  137 176  136 111  127 121  118 187  71 139  65 155  135 132  82 138  53 171  0 130  114 106  67 123  145 124  104 188  143 189  73 141  29 153  10 159  166 123  116 135  154 165  119 116  29 127  132 108  27 177  160 126  41 113  62 136  42 122 
166 proc88 182 178  42 193  24 247  153 199  33 202  172 302  167 296  87 216  42 181  43 204  94 313  158 172  58 191  144 271  152 300  27 244  143 197  111 172  104 264  123 221  174 289  59 278  41 196  64 269  131 273  161 313  57 210  162 229  175 278  14 166  65 290  32 290  111 304  20 284  74 238  19 289  105 283  101 269  91 315  118 215 
146 proc89 148 174  28 146  123 167  23 171  69 186  17 262  156 281  2 193  61 232  57 286  59 288  93 254  117 205  70 204  18 191  60 232  105 226  141 176  95 224  55 231  134 283  171 286  56 173  155 255  33 286  105 273  149 261  145 178  130 149  70 192  70 220  78 231  20 237  47 146  19 189  91 177  160 160  88 182  63 249  143 188  100 268  7 273  91 279  151 157  170 156  13 219  162 224  68 257  121 148  117 213  37 198  96 275  106 160  49 285  64 200  83 236  84 241  49 160  54 266  41 238  58 277  109 217  131 198  48 252  112 183  29 277  9 162  156 189  120 171  110 150  49 253  166 289  94 185  127 160  44 217  17 164  34 146  141 285  122 177  53 284  164 149  27 175  19 275  114 195  32 272  150 251  54 166  33 166  160 280  107 254  131 160  124 153  60 266 
100 proc90 119 191  163 113  119 142  15 125  22 168  86 143  179 163  77 166  108 151  111 150  85 166  87 109  165 101  63 120  3 162  39 146  139 129  116 153  106 109  178 122  104 114  17 161  26 157  64 113  2 139  135 156  5 128  37 121  182 134  109 166  157 104  142 123  182 125  4 155  74 109  57 163  88 113  102 135  0 157  124 149  4 163  112 172  122 141  180 108  102 170  151 142  100 125  6 143  23 176  42 136  46 131  107 159  26 129  124 150  38 114  74 137  147 158  53 155  189 156  44 129  185 157 
110 proc91 110 165  33 198  138 171  52 169  152 139  140 146  80 112  1 166  21 198  82 210  158 165  117 189  128 143  86 160  103 150  32 210  87 163  121 170  101 173  51 144  24 123  70 201  15 113  147 146  23 161  14 113  93 131  28 167  164 114  94 158  141 114  80 215  57 201  152 213  141 149  82 152  162 139  66 110  19 145  146 139  142 147  88 167  58 158  59 155  94 154  93 180  48 215 
118 proc92 125 207  6 205  30 190  50 197  40 120  43 190  12 121  113 159  18 193  101 159  171 123  109 213  205 228  91 182  120 189  174 159  52 194  48 151  107 195  28 184  203 148  163 203  54 224  57 125  14 211  188 185  84 160  189 185  129 167  172 119  87 158  1 118  84 170  165 153  119 204  103 209  177 181  95 208  100 140  39 188  17 147  65 214  81 136  155 224  92 185  194 136  201 149  25 165  9 162  34 162  89 184  7 135  139 149  55 195  198 147  118 168  56 173  81 129  173 148  112 201  62 173  179 204  30 120  106 178  130 164  138 177  13 128  43 138  12 184  156 146  134 186  190 212  193 174  121 146  35 172  159 183  38 160  124 144  71 122  78 150  78 190  157 221  126 226  8 176  34 163  84 166  173 225  123 185  73 138  53 197  5 213  147 131  108 132  83 130 
167 proc93 169 204  196 288  75 313  194 308  13 234  156 318  58 187  117 178  83 280  16 291  84 309  86 279  121 209  172 188  18 265  123 195  181 262  110 240  79 169  89 239  198 232  11 233  92 189  51 279  132 181  16 280  45 287  69 240  138 316  35 293  200 299  143 203  146 238  101 238  98 189  63 174  27 232  170 203  151 181  167 254  161 320  41 284  81 194 
151 proc94 158 200  23 187  56 194  173 165  113 225  36 290  136 218  104 170  134 249  126 292  176 272  125 204  192 229  148 208  97 225  144 232  107 263  133 170  67 289  33 203  132 205  127 283  105 167  175 182  138 196  125 161  31 265  8 246  185 275  41 185 
109 proc95 114 131  122 205  94 145  59 179  82 115  91 149  76 122  86 174  94 207  88 127  88 162  129 186  122 130  71 179  106 165  38 127  94 206  81 171  26 137  84 155  89 181  120 169  105 187  26 175  29 129  14 154  2 166  57 171  112 193  112 139  128 153  85 138  57 120  25 175  45 180  61 135  22 179  45 186  8 169  79 178  63 209  31 110  128 194  73 192  87 153  87 186  74 119  51 130  78 179  91 145  62 181  10 138  86 130  96 144  11 126  8 142  28 176  22 207  5 159  18 198  26 172  59 188 
165 proc96 169 137  123 271  72 264  6 206  4 317  100 222  54 195  33 263  118 204  39 189  124 321  42 172  52 179  12 300  58 218  130 251  103 215  78 259  130 259  87 254  82 222  36 290  22 183  30 210  0 168  115 171  74 274  48 193  52 299  66 234  121 321  21 276  22 230  125 239  29 264  133 289  110 193  93 287  85 195  102 187  40 199  39 236  50 288  70 191  113 186  75 206  59 294  48 267  41 241  63 276  78 224  28 214  74 247  133 218  74 262  74 189  8 309  58 199  46 279  23 286  111 199  120 196  23 199  64 280  33 193  117 169  15 224  129 259  96 309  79 298  53 226  114 297  113 177  119 275  129 230 
101 proc97 116 150  107 167  62 183  76 170  0 155  82 131  134 139  146 180  95 147  94 106  73 130  22 186  138 107  138 185  27 161  125 156  4 147  123 157  58 106  88 101  42 103  125 125  144 156  19 121  110 114  35 132  105 133  114 140  10 175  113 109  149 185  37 110  72 106  70 180  14 105  91 155  132 117  36 132  142 180  119 181  71 161  89 135  16 148  119 138  109 110  117 177  73 107  112 145  119 159  81 107  46 131  144 153  43 138  57 126  86 133  39 122  83 145  85 184  135 136  28 133  92 164 
151 proc98 168 132  49 240  47 191  131 180  29 203  85 163  73 278  51 212  29 159  43 243  18 171  24 260  75 245  127 196  64 213  95 271  105 283  27 243  25 206  29 279  81 230  4 217  4 200  27 196  77 153  102 280  3 255  60 165  78 256  52 173  32 232  42 230  23 185  26 219  29 176  98 163  102 169  60 227  21 172  72 175  22 227  125 232  96 258  35 211  105 206  49 214  30 276  10 183  25 197  98 265  24 214  28 227  31 255  33 200  108 192  83 201  75 278  87 214  126 193  13 280  6 257  36 151  86 168  22 274  79 268  98 186  50 231  98 228  15 232  130 228  100 167  53 156  87 225  82 210  126 242  45 181  90 214  101 263  124 248  87 195  44 256  43 227  44 158  40 204  4 247  46 261  48 224  15 172  103 284  17 280  57 187  30 256  75 242  55 231  54 151  72 236  60 170  57 259 
104 proc99 117 179  33 193  72 181  94 161  93 149  151 171  54 130  175 116  117 193  148 127  61 108  138 138  22 144  64 190  129 136  104 140  104 164  25 119  129 150  36 174  166 187  168 152  137 120  61 169  15 115  59 189  110 156  110 123  157 171  126 194  27 160  109 115  62 154  66 193  12 167  109 164  100 182  157 194  21 108  70 176  8 182  50 151  84 163  124 108  29 110  44 110  123 124  61 118  161 111  72 180  103 148  110 155  155 184  19 155  65 181  150 129  155 130  128 171  55 114  176 133  145 105  14 147  131 119  148 159  140 137  45 160  35 116  142 138  118 171  124 116  9 148  78 148  169 123  162 131  101 176  66 114  138 121  30 162  93 177  79 123  31 129  55 122 
197 proc100 215 139  111 336  67 260  22 309  107 359  85 282  138 312  109 229  52 275  59 346  102 339  124 319  121 251  17 323  19 230  30 269  85 332  58 294  79 274  33 318  64 242  116 339  102 227  30 234  41 357  37 349  17 342  62 328  60 350  38 212  30 357  53 267  120 253  39 207  101 270  109 328  100 292  99 349  131 339  37 304  128 330  46 255  6 247  104 370  49 286  106 229  121 230  105 258  90 341  25 293  126 336  38 227  89 276  109 251  37 263  73 237 
131 proc101 134 217  127 159  120 251  210 175  182 162  213 202  69 142  109 209  134 189  147 196  19 232  74 155  83 165  65 249  31 224  184 156  60 150  179 162  75 252  152 164  167 159  17 205  110 255  36 168  105 147  36 245  74 229  193 185  90 131  72 223  92 252  177 177  129 174  109 154  90 155  24 192  192 163  57 222  166 162  109 214  56 234  177 168  37 210  72 208  193 138  27 176  177 162  0 143  121 172  72 242  152 223  32 249  136 182  209 156  178 214  138 133  27 181 
133 proc102 149 166  33 177  11 220  89 228  30 140  43 158  111 179  127 161  152 165  47 139  44 176  118 155  78 159  49 220  88 137  97 170  154 148  156 133  47 137  130 204  79 235  136 166  37 193  125 152  149 198  105 201  90 228  40 142  157 146  1 160  95 138  101 164  149 150  88 245  10 142  114 155  145 158  33 137  101 216 
112 proc103 124 167  54 169  77 208  41 192  164 183  30 201  49 134  130 178  45 141  37 182  21 119  144 117  17 143  141 134  30 115  47 158  78 121  125 183  141 137  96 183  33 189  154 169  98 134  125 145  58 201  56 151  74 194  111 201  75 203  3 185  26 122  60 124  64 191  86 141  12 151  90 116  56 125  127 131  20 149  44 151  160 171  64 190  47 139  151 171  7 143  141 178  118 168  130 177  47 126  55 155  146 158  17 185  129 124  102 159  143 161  54 192  160 181  30 166  40 138  163 179  82 210  160 115  85 176  50 205  87 126  104 195  76 199  14 184  12 116  101 114  89 122  30 178  20 205  123 192  155 198  108 193  3 145  104 155  52 164  134 139  85 189  31 191  19 134  113 181  154 139  12 196  29 117  73 133  16 182  23 135  62 165 
108 proc104 122 166  37 161  61 144  24 120  128 160  13 189  94 184  82 164  98 131  36 128  130 168  149 153  3 145  76 128  84 127  54 112  154 173  99 157  88 137  109 144  57 138  115 161  55 129  83 153  34 136  53 198  12 148  30 153  133 176  55 109  75 121  115 145  127 128  113 127  11 188  105 170  19 144  145 138  5 129  147 167  109 154  123 109  156 137  57 110  100 126  15 157  62 169  159 177  99 188  158 171  82 115  105 123  71 119  95 166  154 160  35 147  30 144  52 157  72 195  65 110  142 120  21 136 
120 proc105 122 167  111 175  89 145  27 237  144 145  132 200  138 180  92 206  107 225  91 194  44 146  41 231  73 187  24 194  95 129  81 134  124 173  29 190  114 179  153 216  5 234  47 213  141 149  46 152  3 204  119 220  115 165  104 235  3 228  139 200  8 225  102 181  159 170  4 124  101 211  111 200  103 169  163 149  44 123  152 218  6 169  87 208  11 183  57 218  146 162  112 181  75 161  33 194  5 146  0 208  108 185  125 210 
167 proc106 175 140  44 182  116 204  89 187  31 224  6 232  90 256  100 281  5 291  100 191  70 294  131 308  132 274  98 307  57 174  133 264  20 302  62 173  68 306  47 291  79 281  8 231  63 277  124 168  5 302  95 284  124 187  77 249  20 209  40 197  94 258  98 290  94 259  111 174  56 249  135 288  95 180  25 174  136 298  99 217  129 213  100 229  12 201  101 286  73 301  122 219  59 222  27 227  125 323  49 313 
108 proc107 124 138  89 183  79 172  67 114  67 190  58 154  116 140  68 169  56 161  9 130  131 111  39 116  99 196  9 118  46 168  18 116  88 117  124 183  119 161  29 111  37 189  135 163  21 121  71 134  112 136  42 116  117 183  16 140  72 179  134 174  79 116  29 132  104 163  1 187  10 185  76 155  20 135  103 144  40 184  102 163  58 114  63 192  128 135  18 118  7 163  122 142  11 115  58 125  108 122 
157 proc108 163 131  12 226  33 223  85 222  96 208  68 270  108 264  39 194  51 275  43 298  85 279  106 307  46 227  58 236  22 304  54 293  7 297  117 299  48 269  24 300  111 280  128 227  46 182  71 264  79 227  97 215  15 159  62 255  126 281  111 252  112 287  41 185 
174 proc109 184 138  19 309  106 177  43 265  36 330  15 282  60 223  41 266  58 302  14 209  43 240  57 264  96 335  21 255  96 238  25 179  8 336  106 208  107 225  81 321  53 176  132 203  111 211  83 239  57 232  13 240  96 202  116 288  105 329  103 214  26 256  27 250  114 279  50 256  47 330  129 214  72 335  116 308  60 205  117 213  101 230  79 307  102 192  96 204  97 293  36 323  132 293  59 212  98 266  134 231  86 284  50 256  13 178  106 236  31 182  93 303  20 301  134 247  133 276  95 332  56 187  118 190  96 219  2 286  131 273  104 235  67 278  2 246  84 210  96 241  136 250  52 287 
133 proc110 140 178  25 238  22 218  80 201  5 203  164 187  10 238  85 251  85 255  62 174  90 245  101 182  166 223  83 201  21 195  91 224  110 224  36 241  30 169  125 199  96 210  96 187  144 238  55 172  101 176  106 152  130 177  62 153  72 238  52 256  175 179  88 148  127 161  62 192  84 180  59 175  8 252  108 183  2 146  48 200  147 171  161 218  50 160  83 221  35 200  59 177  145 176  140 253  137 189 
169 proc111 170 157  120 308  75 273  58 182  126 190  129 299  7 209  58 183  92 321  31 325  51 309  5 244  32 300  9 296  82 335  94 245  71 269  14 177  65 315  148 193  23 268  6 269  1 285  145 207  133 212  135 189  105 183  72 241  49 209  98 289  149 333  8 252  125 196  149 174  1 195  132 214  135 225  118 265  111 213  104 185  33 282  22 312  129 174  25 185 
121 proc112 136 220  31 133  182 153  163 181  30 204  0 126  198 170  215 205  137 176  180 191  200 208  89 220  211 136  6 223  209 174  177 121  102 128  98 147  21 143  207 148  111 132  43 202  61 167  97 191  186 198  174 153  141 133  183 211  25 128  94 163  120 141  212 141  193 208  218 145  65 138  46 187  125 132  197 169  211 180  28 132  132 200  55 136  111 147  117 197  3 133  14 172  196 134  57 138  30 197  163 150  193 214  51 169  10 183  80 209  35 188  43 199  92 190  153 210  133 204  203 208  195 224  192 206  88 183  52 157 
211 proc113 218 173  170 355  4 254  38 393  77 279  31 304  91 262  68 333  159 224  126 356  99 359  56 286  117 394  81 410  51 374  112 386  109 374  19 363  93 264  62 327  149 289  11 393  140 332  141 411  91 400  106 324  55 328  171 291  40 328  20 397  82 232  36 394  21 229  36 219  16 217  63 275  144 289  137 374  58 225  16 289  103 384  119 343  15 259  109 394  53 370  99 401  41 278  10 321  142 256  80 367  97 325  55 371  122 346  131 271  77 362  109 232  126 285  118 290  29 245  150 320  40 254  121 254  164 220  95 279 
196 proc114 211 153  2 341  112 313  146 358  152 335  24 229  37 297  109 249  121 339  20 269  136 373  17 325  103 210  10 323  94 334  118 318  66 321  151 203  111 279  127 337  134 290  93 328  117 329  106 347  152 278  109 231  136 199  34 335  101 329  87 339  82 201  130 258  45 351  70 289  144 321  10 363  93 326  40 331  50 220  39 359  17 329  82 201  19 363  111 253  58 230  59 309  123 201  7 351  11 327  69 217  18 219  25 212  55 322  66 236  84 355  28 356  151 318  151 263  124 309  9 327  27 241  41 271  129 238  62 308  22 215  65 263  83 240  49 196  27 333  141 321  119 341  109 324  24 367  7 196  89 237  74 252  110 292  10 235 
140 proc115 150 148  63 217  4 185  110 260  135 180  24 203  67 186  85 228  97 177  90 257  92 197  65 234  27 160  11 140  137 142  18 259  50 173  12 245  16 168  105 234  11 191  17 186  133 192  26 266  54 146  138 146  121 173  139 156  1 268  44 202  27 229  0 267  48 260  36 217  91 209  77 228  78 212  32 231  4 150 
126 proc116 144 155  30 166  14 126  54 178  56 183  11 215  143 188  46 135  146 205  72 140  85 185  30 181  129 150  24 227  21 231  51 175  2 187  88 230  84 185  82 161  86 212  11 199  151 146  85 130  90 194  121 142  31 184  40 186  112 197  52 150  32 195  84 231  29 214  17 225  126 183  33 205  93 202 
201 proc117 205 136  64 228  14 304  112 250  80 207  85 282  23 274  67 337  100 355  96 321  113 394  30 395  114 385  107 205  113 240  94 326  118 206  57 206  57 370  10 353  45 352  72 372  131 258  111 324  56 239  126 328  88 363  105 336  106 276  51 286  4 272  61 315  40 367  128 299  23 242 
192 proc118 192 142  26 285  141 279  59 365  88 235  106 358  88 327  80 315  56 348  83 280  83 268  67 357  111 371  30 250  120 321  141 336  43 199  84 289  39 347  8 381  56 269  128 343  78 340  82 344  20 233  111 334  79 196  129 240  48 370  57 270  129 202  124 334  1 204  33 368  67 254  48 238  117 274  47 223  60 215  108 343  72 361  105 245  33 344  18 229  70 273  27 381  11 210  48 364  36 315  115 326  83 331  6 196  15 313  72 195  0 348  76 272  75 319  41 370  52 363  110 290  14 203  100 279  67 300  140 380  7 225  26 289  54 374  69 201  5 265  104 319  139 231  139 298  140 276  61 318  18 373  93 316  126 193  18 286  119 216 
133 proc119 133 137  134 204  132 215  83 178  100 201  11 198  135 135  108 217  95 163  61 201  128 168  110 211  122 194  12 227  123 201  134 196  83 177  55 139  124 265  88 248  78 247  74 213  34 217  118 163  106 153  6 199  74 196  102 220  28 207  57 161  107 149  58 221  31 146 
164 proc120 164 167  164 273  137 312  47 193  5 269  70 288  119 294  10 170  138 222  28 326  53 196  91 304  16 271  142 184  34 172  56 297  104 291  74 231  44 200  50 264  71 195  103 213  133 187  55 243  82 324  61 265  25 215  58 199  122 270  6 324  101 319  108 205  108 211  26 313  137 210  114 309  102 314  145 322  163 254  165 175  111 318  40 198  37 194  4 287  44 288  61 255  65 252  97 317  10 165  71 223  25 228  103 208  69 238  108 308  108 279  138 170  158 187  15 314  23 274 
218 proc121 228 147  52 328  114 424  108 382  133 276  118 361  139 265  0 375  128 420  95 296  94 418  134 421  71 275  16 339  55 313  52 413  91 303  63 374  87 291  92 369  28 365  52 280  84 423  92 381  21 242  43 239  141 400  73 330  63 331  112 241  139 319  68 238  78 406  55 312  68 250  4 275  19 421  29 335  65 221  21 362  30 404  11 422  52 399  46 361  130 304  102 257  132 347  118 336  67 405  38 381  129 340  144 280  11 302  104 281  60 342  15 286  103 255 
178 proc122 188 210  201 331  1 334  41 248  94 230  153 253  98 180  104 237  124 301  206 292  21 255  43 257  117 235  167 249  82 246  77 178  57 245  110 318  55 245  84 199  119 329  181 185  109 209  149 328  154 279  12 268  178 316  127 262  195 303  155 243  65 283  23 300  128 309  52 277  156 186  77 200  118 308  27 195  77 186  123 198  193 314  152 338  146 329  202 183  190 281  70 223  206 185  39 302  53 311  180 259  182 267  19 224  49 183  61 262  95 321  102 341  193 304  195 307  68 281  132 308  206 294  176 337  121 225  199 184  179 261  46 285  170 201  195 313  194 266  8 300  103 246  31 264  27 194  87 187  75 271  179 247  83 197  18 215  23 226  41 210  131 181  97 186 
158 proc123 162 199  153 211  90 162  17 248  117 305  37 306  150 295  179 239  119 171  194 173  76 236  20 193  190 169  127 237  171 164  14 304  38 271  134 231  83 294  45 264  66 256  127 271  27 173  27 306  178 267  142 276  62 185  78 243  197 275  139 213  67 311  28 168  99 250  12 230  68 247  161 205  95 278  105 272  174 202  47 164  109 271  186 191  83 277  3 181  25 285  6 207  74 282  151 242  173 297  133 294  0 181  153 263  162 191  171 277  146 174  46 236  162 251  28 270  52 232  106 296  128 213  146 177  147 248  130 244  40 259  118 305  137 252  112 268  86 166  192 210  81 201  66 308  49 243  69 194  80 243  155 210  65 207  165 168  178 174  89 215  137 166  37 242  57 305  154 234  188 269  153 180  187 258  93 293  92 278  116 192  115 192  158 193  129 311  171 224  197 295  81 286  46 178  12 249  23 254  2 169 
202 proc124 218 167  67 341  141 293  116 222  37 346  21 347  160 279  74 372  120 305  8 312  147 276  88 256  36 295  85 269  157 218  1 314  140 331  136 296  67 281  149 357  150 273  94 249  127 258  56 385  66 274  92 258  84 295  10 320  98 323  69 282  110 365  156 387 
153 proc125 169 185  70 193  70 240  172 257  13 231  93 160  40 238  32 200  78 158  155 154  138 171  71 205  25 274  135 173  27 272  156 195  31 194  18 209  96 284  182 235  160 274  119 158  3 269  13 236  88 157  61 162  159 246  34 243  98 221  96 255  32 166  81 257  79 209  33 165  105 182  152 259  173 166  14 202  104 282  73 233  166 233  102 274  134 269  7 233  39 287  173 217  90 172  55 201  36 207  27 262  170 274  8 216  81 155  18 246  21 243  61 247  93 244  143 190  166 272  89 236  173 162  11 264  66 194  114 240  21 219  163 161  4 257  33 183  114 165  5 236  9 158  5 255  96 255  144 165  33 256  17 200  45 259  151 277  147 180  133 225  142 270 
213 proc126 224 200  168 406  145 372  171 281  172 256  47 245  137 265  35 277  88 310  39 278  135 320  64 267  198 233  125 318  109 246  76 343  117 253  57 406  145 253  63 387  184 361  144 320  166 244  99 369  131 356  22 373  46 271  150 265  84 306  61 374  192 234  27 343  85 390  125 272  17 359  101 278  2 382  75 270  176 287  175 306  169 412  77 410  139 410  11 278  7 349  17 360  161 293  13 230  33 375  30 250  30 252  4 378  176 218 
133 proc127 137 186  140 251  85 176  25 228  5 186  180 168  145 223  79 231  3 149  77 176  147 173  64 258  174 196  39 206  184 147  3 171  126 174  127 141  60 141  68 190  75 259  69 143  15 156  132 205  84 202  167 236  95 260  1 169  182 152  80 181  63 150  54 222  38 230  23 260  148 189  158 164  149 136  71 136  5 145  179 190  37 179  128 179  18 248  29 232  170 179  4 164  5 221  46 239  53 205  138 158  157 148  50 170  153 222  95 169 
205 proc128 215 159  108 298  3 238  5 312  114 216  110 230  1 209  24 363  78 283  113 329  40 374  47 288  153 231  34 216  128 346  22 320  78 239  22 290  18 363  95 376  25 314  117 357  48 226  32 314  22 281  78 367  75 300  83 383  130 359  141 380  116 324  12 322  60 253  127 365  74 277  63 257  35 350  51 310  88 268  62 215  80 330  100 267  33 299  76 291  78 311  41 298  73 306  81 328  14 295  64 365  39 302  113 293  74 298 
212 proc129 228 199  30 225  50 226  40 246  41 376  0 247  30 392  142 361  162 317  157 342  141 228  195 268  113 306  25 298  176 323  105 288  25 246  90 246  88 379  77 214  48 361  27 399  189 405  86 293  70 300  84 294  176 397  171 241  23 286  48 225  30 262  115 262  44 303  84 257  92 320  17 321  40 297  195 364  190 365  136 353  104 264  29 318  79 333  125 294  174 331  79 352  83 352  191 269  178 247  38 221  39 318  188 374  77 343  63 246  69 367  108 301  21 282  33 221  115 215  156 358  87 354  26 307  185 405  76 246  72 379  14 345  124 286  167 285  165 233  49 265  8 362  186 311  49 267  84 383  155 368  185 349  32 335  191 358  8 357  159 278  160 348  168 406  154 226  65 344  144 258  133 335  26 257  135 236  117 347  193 282  39 244  71 215  169 216  66 401 
159 proc130 172 219  91 175  26 296  132 169  23 174  66 164  216 188  3 269  2 245  88 302  164 271  1 163  128 235  160 185  80 287  110 209  144 198  196 256  14 179  19 197  181 244  100 248  41 263  126 259  28 284  171 278  148 169 
187 proc131 189 134  114 353  122 358  79 321  31 196  98 231  15 314  20 217  79 196  107 227  13 349  112 271  18 192  13 221  128 210  128 276  72 252  61 362  86 363  33 360  97 210  18 301  126 301  132 329  65 354  110 299  16 284  49 240  19 252  89 260  38 208  68 346  92 339  120 296  2 195  62 198  102 368  112 235  18 191  66 340  32 345  113 371  115 330  116 280  124 193  47 218  105 250  4 273  111 261  7 229  95 347  112 352  50 233  7 321  101 192  103 277  16 288  81 288  60 328  81 188  84 334  79 281  60 277  18 295  108 297  50 300  130 206  32 243  69 228  65 355  14 213  69 211  66 349  112 292  29 241  43 187  4 327  119 281  105 196  2 264  114 355  99 258  32 338 
164 proc132 175 210  110 249  150 172  54 179  28 164  95 233  114 255  105 165  94 237  133 223  55 244  206 261  161 174  107 273  149 211  8 256  43 244  201 238  26 220  149 165  50 181  1 245  199 287  21 236  148 279  129 196  202 283  84 195  161 185  2 183  44 307  4 177  1 172  154 170  205 237  35 310  81 267  36 235  16 218  108 305  2 183  29 273  107 185  102 177  48 292  158 299  115 180  134 225  112 296  98 278  43 289  107 179  43 218  149 209  73 266  177 186  29 217  24 169  63 284  66 177  102 239  157 275  131 180  79 306  160 300  94 237  183 247  73 244  90 210  29 306  14 169  111 282  74 180  133 193  5 177  202 292  85 227  197 216  22 294  75 263  198 206  2 258  116 168 
155 proc133 161 130  41 211  90 239  11 251  121 280  54 210  5 278  114 248  66 160  81 229  44 216  57 247  70 247  109 247  37 291  94 296  95 171  67 240  120 196  1 246  86 176  60 187  34 274  63 230  42 225  103 156  85 190  112 260  71 181  104 294  75 230  51 277  78 185  99 208  70 255  55 263  30 157  117 283  34 282  38 263  69 220  34 196  45 228  54 254  107 232  97 278  102 237  94 260  9 170  124 210  38 179  108 254  38 171  6 164  23 297  20 217  60 252  121 175  72 277  94 276  77 235  104 218  85 218  102 290  6 213  48 200  19 221  116 274  129 238  6 251  39 262  118 301  85 288  76 242  28 163  80 162  107 180  25 256  125 265  30 183  98 294  50 257  110 244  49 164  29 227  3 265  85 299  41 260  105 290  70 241  33 277  109 237 
231 proc134 247 152  141 400  86 386  109 365  77 308  50 440  96 306  148 364  104 243  9 265  86 368  91 366  13 283  43 437  22 301  90 381  126 263  63 414  115 238  48 360  130 234  147 241  113 329  56 311  147 432  89 234  61 402  151 388  121 359  5 411  130 293  78 433  39 436  30 290  41 280  59 297  56 312  94 337  46 237  115 299  79 318  138 330  96 416  62 275  60 405  105 297  43 341  7 347  52 231  101 320  147 364  113 324  79 249  85 402  69 403  30 231  116 310  136 302  18 363  6 372  10 349  132 337  6 269  151 336  41 398  15 311  126 366  104 299  47 381  43 392  117 264  128 366  106 268  6 386  39 331  66 262  3 288  102 231  50 359  99 349  82 315  9 372  107 379 
165 proc135 167 167  127 246  25 233  106 190  135 186  145 217  57 184  5 241  127 186  38 171  52 293  8 225  72 320  129 233  112 250  141 218  85 321  88 226  79 307  59 177  142 321  16 182  96 218  92 322  83 199  73 177  144 234  103 286  67 283  15 203 
167 proc136 181 151  39 278  53 247  24 263  53 171  107 305  89 210  106 291  26 312  93 273  108 262  111 197  22 278  102 308  23 244  118 195  13 301  119 184  67 181  127 172  130 314  100 244  103 204  97 238  118 167  23 293  132 240  140 169  10 309  103 303  85 302  132 216  73 191  11 241  88 244  106 223  71 262  134 301  109 247  146 250  117 293  149 239  0 251  96 296  73 256  39 205  115 316  103 252  116 242  25 250  100 254  117 263  33 185  38 251  27 194  64 267  50 263  87 264  44 286  58 318  79 225  122 191  112 187  81 267  36 309 
186 proc137 192 164  138 287  84 314  136 203  157 231  75 191  24 357  139 197  89 306  57 284  132 354  75 334  161 291  79 235  44 334  115 210  74 280  97 224  74 268  112 341  75 193  20 245  2 249  50 265  96 269  10 202  76 287  8 247  50 261  74 340  120 335  150 264  35 361  108 215  153 282  96 262  84 223  3 288  32 188  18 214  1 238  113 215  117 319  154 237  129 310  101 311  10 261  119 319  90 325  75 258  124 225  68 218  128 214  50 235  130 246  129 353  16 360  129 195  40 345  56 215  104 195  94 360  0 363  163 265  32 348  11 302  6 229  36 208  71 213  135 211  159 207  5 310  103 268  65 201 
151 proc138 169 204  179 220  3 263  143 244  123 151  133 222  32 161  73 274  110 262  116 267  174 281  78 275  203 168  141 203  33 203  103 279  168 198  24 221  146 260  63 270  92 201  35 165  72 216  169 242  22 270  135 151  149 193  76 207  96 220  37 169  192 180  11 231  91 283  73 229  76 173  175 210  0 169  36 259  63 229  126 198  159 213  154 174 
151 proc139 161 145  142 273  14 257  0 264  16 218  133 242  48 155  49 209  63 277  23 256  57 224  113 192  100 281  121 277  76 196  80 279  14 279  60 287  114 151  76 211  114 272  43 153  10 270  91 151  92 186  32 189  107 231  43 283  36 239  39 264  144 217  25 236  36 226 
197 proc140 207 150  143 260  32 290  17 209  116 197  139 317  54 325  91 282  29 222  145 324  1 217  127 265  148 343  132 252  76 296  72 223  112 364  68 351  80 314  130 236  59 243  3 315  62 244  9 347  89 253  76 264  102 242  120 253  139 331  82 204  141 246  17 317  23 319  51 299  21 263  52 223  52 353  147 236  52 213  11 329  116 331  87 200  147 242  122 278  10 223  6 278  12 319  59 343  11 299  93 350  44 298  66 375  4 230  114 326  24 271  1 360  68 326  64 295  147 320  6 218  97 321  113 319  87 314  99 211 
225 proc141 227 160  69 386  37 346  4 323  134 383  102 309  135 441  59 399  158 394  10 331  7 269  118 336  12 366  76 281  66 269  38 416  92 411  149 428  135 376  25 291  6 421  30 294  23 271  144 263  67 263  58 240  117 252  157 397  46 271  76 440  97 254  36 248  94 422  32 410  83 407  83 438  89 403  134 231  74 412  6 434  17 408 
202 proc142 216 192  135 373  127 290  144 370  102 218  30 330  109 328  170 322  120 303  25 331  111 229  66 263  118 222  39 233  72 237  142 274  20 331  151 277  105 229  148 370  155 344  20 347  177 256  137 355  28 293  186 381  130 354  100 354  4 277  96 270  42 328  69 277  3 382  146 351  4 340  189 385  153 371  40 240  16 284  51 258  149 231  183 357  170 233  80 300  103 370  187 215  94 306  144 359  28 373  142 318  137 313  128 348  93 318  172 263  154 253  25 317  141 230  7 209  43 269  101 232  135 338  36 219  96 386  70 283  23 359  29 303  32 375  131 307  6 378  170 246  79 349  16 254  83 309  147 369  110 351  145 287  89 239  26 216  106 342  119 215  117 238  162 324  114 240  19 258  150 340  152 387  1 326  66 219  63 295  148 283 
173 proc143 182 214  185 333  152 174  179 314  154 315  129 234  108 208  175 229  29 186  90 281  16 236  130 225  116 281  194 281  101 293  164 317  168 218  142 335  54 298  149 269  72 274  29 213  192 329  144 317  21 259  32 245  162 265  186 251  78 215  191 299  103 198  164 176  72 175  174 209  210 318  52 245  106 223  112 232  4 302  25 305  73 304  142 214  5 257  18 189  213 240  60 303  146 261  23 175  180 312  62 311  25 267  108 296  60 252  148 196  196 234  169 272  162 208  9 181  143 190  116 259  100 179  108 189  118 195  36 277  193 313  125 211  144 302  68 224  26 277  202 181  108 326  142 287  118 178  156 236  110 243  54 199  166 211  28 179  12 317  19 235  94 203  142 283  163 195  93 297  77 332  62 222  102 333  105 265  5 299  132 280  184 235  43 202  66 268 
231 proc144 232 147  135 340  86 364  59 327  21 430  65 290  56 291  44 338  40 386  38 259  43 269  51 377  107 324  83 273  4 231  81 265  139 241  119 422  69 387  125 337  50 446  37 379  17 288  103 414  71 267  137 309  12 254  14 353  34 428  39 315  4 393  135 371  102 263  31 449  138 292  26 349  9 260  104 456  100 425  142 334  69 292  140 339  42 308  9 237  119 430  70 276  126 439  76 304  122 323  62 234  28 289  67 431  108 291  122 307  144 408  86 290  15 263  104 359  145 433  89 418  119 357  50 303  129 454  135 380  145 242  130 239  51 407  20 389  31 439  29 394  25 449 
197 proc145 204 188  87 339  19 248  187 273  85 211  94 374  59 325  155 329  109 341  79 336  102 211  115 338  108 273  52 339  24 215  19 293  163 265  134 264  63 267  101 257  36 291  182 281  20 334  182 218  123 328  3 292  57 299  128 347  136 357  138 243  84 293  125 359  8 290  107 383  69 281  152 347  148 295  66 309  159 261  42 235  134 296  184 348  27 377  101 381  49 215  68 232  74 374  57 285  9 237  86 245  117 332  116 212  129 243  178 378  175 361  179 216  129 354  124 275  44 283  64 300  142 304  90 225  2 337  42 268  56 202  142 214  112 221  183 374  117 352  138 373  1 199  37 203  49 274  150 216  63 256  170 274  24 262  165 261  85 223  90 202  81 355  59 264  46 247  42 254  159 224  11 243  55 245  154 379  142 235  182 198  75 325  87 270 
179 proc146 187 146  66 241  96 253  98 315  78 214  13 293  104 298  72 334  46 226  34 238  61 316  86 284  23 203  86 314  133 204  13 218  34 292  25 298  39 250  77 277  50 212  56 322  136 219  105 189  109 317  10 341  65 342  110 302  118 240  77 192  54 349  99 342  138 349  56 309  86 235  132 201  45 326  112 265  123 333  55 299  49 189  96 266  113 231  42 230  79 321  14 225  32 295  43 263  76 344  39 210  38 327  121 179  36 243  86 336  144 190  85 208  28 257  16 234  63 179  65 268  0 194  97 309  31 197  40 271  45 297  76 273  72 217  4 244  108 204  91 189  69 197  7 268  49 335  61 250  50 275  77 323  44 320  50 268  121 341  134 212  7 190  88 229  85 262  11 346  5 190  7 340  116 224  124 336  22 265  99 227  3 242  107 334  11 336  74 234  86 295  136 298  96 272  142 200  139 292 
151 proc147 161 151  36 210  19 186  75 266  8 255  69 286  110 281  115 256  29 270  106 259  63 260  101 263  138 286  144 233  4 177  58 238  55 252  125 227  36 209  86 258  1 211  83 264  86 267  48 234  86 240  85 272  64 204  76 159  23 212  58 236  146 164  78 187  55 260  118 266  99 178  134 204  56 193  61 288  112 186  105 267  107 213  41 197  71 198  71 178  33 227  120 205  90 227  76 287  98 218  86 227  96 275  143 264  132 238  142 199  9 205  139 261  133 203  137 247  145 153  146 291  30 179  52 251  7 159  113 232  17 221  148 252  114 229  111 235  41 267  36 234  43 240  12 228  49 225  75 183  51 167  65 238  30 174  49 231  90 157  141 190  56 262  66 286  123 224  111 161  126 153  60 228  16 229  42 175  68 198  103 171  34 176  46 263  130 242  99 231  103 228  25 189  72 269  26 252 
175 proc148 177 214  25 242  84 191  128 333  143 311  17 338  78 218  189 345  61 266  196 209  159 247  123 209  185 329  29 227  181 182  6 328  77 287  128 245  122 251  115 297  80 344  90 176  17 295  16 276  9 317  127 277  60 183  90 281  205 278  63 231  203 198  20 250  34 211  160 342  54 328  3 231  58 307  158 316  91 307  18 198  172 285  200 270  45 341  195 282  59 266  73 237  47 327  47 280  106 238  33 207  64 294  82 272  61 272  130 189  132 215  116 284  11 194  41 270  43 264  24 188  213 272  15 200  124 340  137 343  65 308  177 178  138 242  38 237 
200 proc149 218 158  112 343  120 345  30 257  33 233  75 220  10 219  38 378  27 256  58 253  32 220  73 232  78 244  71 208  76 313  151 224  90 371  129 334  69 363  53 326  59 273  18 209  32 362  151 335  34 256  154 225  98 344  65 330  50 250  100 202  63 271  10 372  41 266  48 322  37 260  108 370  127 285  116 297  79 257  10 228  111 257  131 261  27 364  73 279  124 274  99 268  109 233  80 278  41 308  52 273  22 339  125 319  80 367  46 233  143 339  11 228  118 368  98 287  130 353  118 255  83 373  23 263  118 307  135 250  23 286  135 220  141 310  91 339  82 300  118 211  145 306  113 325  64 329  42 315  121 322  30 272  115 365  135 317  106 221  131 323  93 362  71 222  107 281  35 259  93 277  48 310  21 363  135 220  111 209  19 338  129 377  16 370  52 344  111 322  3 345  25 216 
